dll,name,address
KERNEL32.dll,GetStartupInfoA,0x419010
KERNEL32.dll,GetModuleHandleA,0x419014
KERNEL32.dll,LoadLibraryA,0x419018
USER32.dll,ShowWindow,0x41906c
USER32.dll,FillRect,0x419070
USER32.dll,BeginPaint,0x419074
USER32.dll,GetWindow,0x419078
USER32.dll,GetWindowRect,0x41907c
USER32.dll,IsWindowVisible,0x419080
USER32.dll,EnableWindow,0x419084
GDI32.dll,FillRgn,0x419000
GDI32.dll,CreateRoundRectRgn,0x419004
GDI32.dll,FrameRgn,0x419008
OLEAUT32.dll,GetErrorInfo,0x41905c
OLEAUT32.dll,SafeArrayCreate,0x419060
OLEAUT32.dll,SafeArrayCopy,0x419064
MSVCRT.dll,_acmdln,0x419020
MSVCRT.dll,_controlfp,0x419024
MSVCRT.dll,_except_handler3,0x419028
MSVCRT.dll,__set_app_type,0x41902c
MSVCRT.dll,__p__fmode,0x419030
MSVCRT.dll,__p__commode,0x419034
MSVCRT.dll,_adjust_fdiv,0x419038
MSVCRT.dll,__setusermatherr,0x41903c
MSVCRT.dll,_exit,0x419040
MSVCRT.dll,_XcptFilter,0x419044
MSVCRT.dll,exit,0x419048
MSVCRT.dll,strcmp,0x41904c
MSVCRT.dll,__getmainargs,0x419050
MSVCRT.dll,_initterm,0x419054
